<?xml version="1.0" standalone="no"?>
<!DOCTYPE svg PUBLIC "-//W3C//DTD SVG 20010904//EN"
 "http://www.w3.org/TR/2001/REC-SVG-20010904/DTD/svg10.dtd">
<svg version="1.0" xmlns="http://www.w3.org/2000/svg"
 width="178.000000pt" height="203.000000pt" viewBox="0 0 178.000000 203.000000"
 preserveAspectRatio="xMidYMid meet">

<g transform="translate(0.000000,203.000000) scale(0.100000,-0.100000)"
fill="#000000" stroke="none">
<path fill="#000000" d="M776 1959 c-193 -26 -392 -137 -523 -291 -60 -70 -145 -234 -169
-323 -9 -33 -18 -114 -21 -181 -7 -157 11 -255 73 -384 46 -96 141 -233 170
-244 9 -3 275 -6 593 -6 l577 0 30 32 c88 95 158 221 195 353 29 102 32 302 6
407 -89 361 -400 621 -767 641 -52 3 -126 1 -164 -4z m-99 -291 c6 -7 18 -36
27 -63 15 -48 19 -51 77 -74 50 -19 60 -27 57 -45 -2 -16 -17 -26 -60 -41 -56
-19 -59 -22 -74 -70 -30 -91 -62 -93 -98 -4 -19 50 -25 55 -68 69 -89 28 -92
63 -8 95 50 19 57 25 75 70 26 64 33 75 49 75 8 0 18 -6 23 -12z m579 -278
c18 -51 35 -94 37 -97 3 -2 49 -21 103 -41 87 -33 99 -40 99 -61 0 -21 -12
-28 -100 -61 l-100 -38 -21 -53 c-11 -30 -28 -75 -38 -101 -18 -48 -40 -66
-61 -48 -7 6 -27 50 -44 99 -18 49 -37 94 -44 99 -7 6 -50 23 -97 40 -135 47
-135 73 0 122 102 37 104 39 145 150 47 129 72 127 121 -10z"/>
<path d="M253 306 c-62 -88 -73 -111 -73 -145 0 -31 7 -49 29 -73 l29 -33 641
-3 c708 -3 684 -5 717 60 25 49 12 89 -66 199 l-71 99 -567 0 -567 0 -72 -104z"/>
</g>
</svg>
